time:       179.223...
steering:   1.19798...

time:       159.231...
steering:   1.19256...

time:       129.245...
steering:   1.1840...
